1000 5000
0 280
0 281
0 304
0 500
0 566
0 874
1 63
1 187
1 352
1 616
1 989
2 59
2 65
2 512
2 702
3 433
3 457
3 811
4 64
4 316
4 391
4 503
4 610
4 652
5 159
5 237
5 341
5 469
5 484
6 234
6 370
6 411
6 519
6 662
6 763
7 124
7 220
7 323
7 460
7 571
8 730
8 831
9 630
9 848
10 53
10 927
10 932
11 41
11 210
11 357
11 425
11 678
11 743
11 791
12 475
12 583
12 587
12 681
12 701
12 704
12 900
13 325
13 338
13 444
13 578
13 785
13 809
13 868
14 214
14 229
15 23
15 327
15 858
16 250
16 538
16 619
16 707
16 768
17 179
17 202
17 627
17 788
17 966
17 969
18 17
18 44
18 79
18 168
18 428
18 639
18 718
18 926
19 340
19 590
19 617
19 629
19 777
20 231
20 255
20 437
20 598
20 740
20 828
20 939
20 967
21 73
21 172
21 408
21 461
21 728
21 774
21 850
22 302
22 409
22 775
22 983
23 102
23 455
23 501
23 538
23 662
23 682
23 716
23 849
23 994
24 3
24 265
24 548
24 675
24 841
25 885
26 29
26 302
26 384
26 419
26 520
26 653
26 816
27 371
27 487
27 539
27 783
28 37
28 188
28 189
28 522
28 889
28 921
29 89
29 183
29 220
29 283
29 292
29 741
30 81
30 260
30 543
31 51
31 220
31 730
32 192
32 324
32 453
32 728
32 951
33 7
34 100
34 449
34 707
34 733
35 3
35 31
35 143
35 428
35 429
35 490
35 913
36 97
36 604
36 855
36 948
37 34
37 200
37 348
37 519
37 523
37 831
38 56
38 127
38 503
38 603
38 672
38 727
38 736
39 295
39 383
39 905
40 699
41 245
41 326
41 342
41 623
42 91
42 141
42 246
42 295
42 479
42 524
42 646
42 693
42 820
42 933
42 987
42 995
43 1
43 250
43 742
44 34
44 85
44 109
44 188
44 346
44 366
44 717
44 869
45 702
45 868
46 101
46 314
46 569
46 606
46 961
47 19
47 35
47 296
47 433
47 912
48 191
48 249
48 427
49 288
49 332
49 435
49 517
49 622
49 851
49 857
50 87
50 144
50 177
50 178
50 241
50 419
50 477
50 495
50 576
50 692
51 43
51 367
51 580
51 831
52 345
52 423
52 917
53 581
53 616
54 114
54 658
54 917
55 51
55 195
55 250
55 323
55 942
56 140
56 208
56 334
56 799
56 973
56 983
56 994
57 143
57 544
57 822
58 244
58 297
58 361
58 970
59 56
59 744
59 787
59 844
60 90
60 552
60 710
60 763
61 176
61 180
61 245
61 248
61 366
61 548
61 890
62 76
62 556
62 593
62 632
62 783
63 22
63 678
63 693
64 194
64 329
64 346
64 818
64 934
64 971
65 79
65 168
65 314
65 351
65 416
65 495
65 519
65 573
65 860
65 880
66 351
66 682
66 959
67 68
67 145
67 283
67 407
67 517
68 162
68 338
68 364
68 513
68 830
68 946
69 16
69 219
69 449
69 676
69 818
69 927
69 971
70 175
70 197
70 720
70 796
71 125
71 623
71 688
71 695
71 773
72 81
72 119
72 144
72 465
73 551
73 937
74 290
74 338
74 588
74 621
75 192
75 440
75 476
75 687
75 900
75 924
75 953
76 225
76 337
76 718
77 130
77 407
77 950
77 998
78 145
78 365
78 392
78 454
78 766
78 958
79 330
79 417
79 790
80 53
80 120
80 134
80 476
80 872
80 889
80 935
81 200
81 437
81 624
81 787
81 790
81 820
82 28
82 218
82 693
82 967
83 266
83 455
83 697
84 147
84 390
84 433
84 660
84 673
84 880
85 123
85 322
85 372
85 421
86 245
86 259
86 318
86 390
86 590
86 771
87 8
87 163
87 570
87 968
88 73
88 239
88 349
88 499
88 511
88 859
89 11
89 97
89 628
89 955
90 675
90 707
90 783
90 892
91 485
91 620
91 645
91 678
91 913
91 942
92 549
92 550
93 51
93 462
94 17
94 191
94 349
94 572
94 656
94 696
95 49
95 350
95 427
95 574
96 419
96 551
96 652
96 723
96 874
97 50
97 232
97 523
97 538
98 137
98 699
98 722
98 935
99 34
99 243
99 851
99 973
100 51
100 82
100 232
100 480
100 681
101 74
101 265
101 436
101 568
101 585
101 753
102 85
102 273
102 671
102 858
102 997
103 93
103 238
103 263
103 432
103 443
103 535
103 826
103 998
104 123
104 140
104 375
104 436
104 652
104 752
104 783
105 53
105 237
105 282
105 356
105 561
105 701
105 810
106 70
106 199
106 419
106 434
106 656
106 745
106 793
107 245
107 309
107 481
107 536
107 850
107 931
108 123
108 130
108 176
108 559
108 821
108 834
109 119
109 156
109 790
109 899
110 229
110 258
110 499
110 538
110 736
110 798
110 996
111 18
111 177
111 449
112 51
112 66
112 88
112 158
112 570
112 623
112 697
112 919
112 947
113 12
113 570
113 857
113 900
113 955
113 978
114 13
114 94
114 172
114 285
114 752
114 824
114 908
115 17
115 329
115 429
115 878
115 892
115 907
116 399
116 967
117 375
117 515
117 676
117 935
117 997
118 40
118 42
118 136
118 164
118 295
118 662
119 793
119 929
120 294
120 680
120 682
120 719
121 258
121 268
121 324
122 99
123 46
123 516
123 636
123 679
124 25
124 55
124 126
124 425
124 445
124 703
125 2
125 107
125 254
125 282
125 349
125 477
125 733
125 937
126 191
126 254
126 346
126 401
126 646
126 764
126 825
126 846
127 216
127 369
127 446
127 453
127 568
127 585
127 594
127 709
127 784
127 834
128 446
128 482
128 671
128 723
128 936
128 979
129 164
129 189
129 564
129 576
129 620
129 652
130 343
130 511
130 601
131 64
131 207
131 350
131 613
131 797
131 851
132 32
132 342
132 489
132 550
133 8
133 70
133 654
133 724
134 292
134 358
134 434
134 818
134 909
134 993
135 374
135 684
135 727
135 779
135 933
135 938
135 952
136 433
136 505
136 671
136 676
136 697
136 921
137 41
137 75
137 85
137 186
137 384
137 450
137 642
137 782
137 904
138 246
138 275
138 549
138 710
138 969
139 74
139 125
139 599
139 642
140 324
140 594
140 602
141 96
141 128
141 537
141 617
141 931
142 19
142 143
142 276
142 720
143 214
143 232
143 362
143 409
143 448
143 451
143 905
144 148
144 153
145 20
145 140
145 164
145 526
145 690
146 55
146 291
146 322
146 644
146 887
146 907
147 99
147 181
147 817
147 874
148 362
148 427
148 582
148 692
148 773
148 900
148 961
148 982
149 61
149 323
149 774
149 948
150 2
150 180
150 364
150 623
150 823
151 63
151 80
151 174
151 743
152 17
152 170
152 470
152 778
153 16
153 55
153 114
153 714
153 993
154 22
154 293
155 42
155 245
155 564
156 168
156 318
156 518
156 534
156 665
156 820
156 933
157 382
157 417
157 657
157 950
158 287
158 329
158 530
158 627
158 675
158 725
158 836
158 880
158 889
158 985
158 993
159 145
159 250
159 781
159 812
159 917
159 943
160 120
160 185
160 278
160 601
161 15
161 119
161 125
161 348
161 366
161 551
161 694
161 718
161 866
161 925
162 127
162 165
163 985
164 153
164 563
164 676
164 808
164 884
165 40
165 628
165 753
165 768
166 219
166 355
166 583
167 410
167 600
167 800
167 912
168 67
168 204
168 275
168 421
168 698
168 799
169 84
169 175
169 349
169 513
169 616
169 638
170 2
170 242
170 748
170 766
170 784
170 870
170 916
171 613
171 698
171 841
171 946
172 89
172 97
172 121
172 264
172 485
172 494
172 508
172 759
172 828
173 297
173 501
174 336
174 397
174 457
176 81
176 98
176 174
176 600
176 807
176 818
176 855
176 930
177 31
177 256
177 362
177 369
178 45
178 412
178 427
178 585
178 604
179 108
179 329
179 371
179 549
179 554
179 911
180 106
180 709
180 997
181 372
181 429
181 470
181 472
181 919
182 84
182 232
182 283
182 288
182 413
182 755
183 114
183 265
183 288
184 267
185 1
185 102
185 134
185 179
185 391
185 484
185 608
185 749
185 921
186 791
186 935
187 330
187 419
188 14
188 232
188 608
188 661
188 986
189 292
189 545
190 611
190 803
191 47
191 128
191 263
191 289
191 331
191 658
191 854
192 440
192 470
192 504
192 713
192 950
193 115
193 219
193 260
193 379
193 441
193 495
193 931
193 971
194 23
194 60
194 545
194 603
194 990
195 29
195 227
195 281
195 516
195 617
195 682
195 946
196 4
196 301
196 527
196 891
197 18
197 110
197 514
197 720
197 831
197 839
198 16
198 30
198 206
198 486
198 542
198 702
198 852
199 60
199 78
199 468
199 921
200 277
200 350
200 381
200 455
200 531
200 747
201 573
202 199
202 247
202 458
202 688
202 690
202 917
203 5
203 207
203 345
203 436
203 727
203 853
203 971
204 371
204 390
204 397
204 548
204 567
204 807
204 947
204 973
205 580
205 796
205 846
205 977
206 182
206 336
206 374
206 394
206 484
206 652
206 682
206 911
207 27
207 424
207 512
207 797
207 944
208 71
208 158
208 624
208 741
208 773
209 360
209 642
209 695
209 966
210 522
210 889
211 134
211 185
211 470
211 512
211 808
212 79
212 91
212 478
212 630
212 748
213 42
213 350
213 722
213 726
213 811
214 35
214 316
214 328
214 422
214 433
215 12
215 106
215 137
215 279
215 424
215 629
215 817
215 819
215 978
216 24
216 81
216 553
216 564
216 706
216 736
216 783
217 258
217 474
217 518
217 769
217 823
217 906
218 186
218 414
219 93
219 152
219 168
219 186
219 303
219 431
219 677
219 791
219 802
219 949
219 976
220 126
220 134
220 544
220 652
220 746
221 26
221 290
221 319
221 347
221 516
221 996
222 633
222 883
223 31
223 113
223 571
224 44
224 145
224 160
224 209
224 278
224 382
224 504
224 687
225 179
225 883
225 992
226 20
226 198
226 263
226 317
226 337
226 361
226 419
226 424
226 580
226 815
227 385
227 437
227 491
227 631
227 653
228 42
228 126
228 168
228 981
229 83
229 162
229 245
229 698
229 860
229 861
230 254
230 513
230 572
230 689
231 533
231 617
231 639
231 802
231 831
231 848
231 994
231 998
232 80
232 462
232 622
232 633
232 775
232 857
233 792
234 44
234 240
234 691
234 741
234 786
235 6
235 69
235 135
235 542
235 736
235 783
235 834
235 916
236 46
236 277
236 328
236 508
236 526
236 589
237 166
237 327
237 562
238 109
238 131
238 133
238 222
238 655
238 689
239 728
239 821
239 851
239 889
240 780
241 277
241 309
241 432
241 586
241 735
241 782
242 391
242 397
242 421
242 476
243 122
243 190
244 196
244 479
245 62
245 130
245 311
245 385
245 580
245 696
245 851
246 522
246 546
246 825
246 963
247 103
247 356
247 397
247 763
248 105
249 70
249 457
249 546
249 574
249 689
249 820
250 166
250 236
250 500
250 820
250 879
250 959
250 963
251 808
251 882
252 27
252 176
252 481
252 608
252 745
252 824
253 112
253 115
253 191
253 388
253 407
253 449
253 543
253 779
253 871
253 889
254 97
254 210
254 224
254 443
254 566
254 798
254 799
254 991
255 51
255 118
255 199
255 348
255 431
255 621
255 949
256 17
256 212
256 237
256 379
256 422
256 594
256 821
256 833
256 910
256 948
256 969
256 984
257 34
257 255
257 487
257 783
257 893
258 215
258 446
258 853
258 867
258 937
259 19
259 45
259 68
259 374
259 607
259 986
260 33
260 88
260 206
260 668
260 669
260 840
260 855
261 93
261 101
261 431
261 437
262 96
263 67
263 72
263 434
263 435
263 540
263 795
263 907
264 198
264 202
264 214
264 261
264 419
265 19
265 109
265 395
265 800
265 921
266 58
266 61
266 156
266 245
266 307
266 662
266 689
266 841
266 943
266 950
267 136
267 462
267 742
267 813
267 943
268 135
268 369
268 428
268 429
268 952
269 68
269 676
269 708
270 189
270 210
270 512
270 866
271 14
271 550
272 36
272 462
272 923
272 952
272 992
273 56
273 222
273 470
273 690
273 963
274 200
274 373
274 441
274 552
274 749
274 861
274 881
274 967
275 2
275 24
275 693
275 944
276 106
276 127
276 245
276 358
276 652
276 941
277 271
277 374
277 563
277 776
277 887
278 94
278 140
278 695
278 964
279 483
279 484
279 486
279 494
279 603
280 38
280 270
280 279
280 970
281 340
281 527
281 739
281 778
282 140
282 207
282 365
282 569
282 856
283 286
283 926
283 950
284 159
284 437
284 542
285 22
285 85
285 96
285 307
285 315
285 391
285 433
285 498
285 666
285 720
285 826
285 946
286 259
286 488
286 590
286 904
287 105
287 457
287 508
287 575
287 640
287 858
287 963
288 315
288 373
288 471
288 710
288 792
288 964
289 246
289 547
289 582
289 612
289 683
290 405
290 813
291 650
291 847
292 356
292 490
292 750
293 25
293 216
293 218
293 343
293 451
293 666
294 202
294 305
294 338
294 389
294 422
294 458
294 497
294 816
295 344
295 638
296 387
296 431
296 518
296 870
296 961
297 453
297 492
297 878
298 416
298 647
298 814
299 175
299 298
299 417
299 897
299 971
300 50
300 800
300 944
301 207
301 433
301 703
301 931
302 47
302 437
302 683
303 180
303 580
303 662
303 696
304 82
304 107
304 165
304 347
304 537
304 580
304 869
305 375
305 631
305 784
305 973
306 121
306 182
306 293
306 493
306 555
307 131
307 845
308 198
308 243
308 344
308 367
308 436
308 483
308 753
309 317
309 464
309 528
309 931
310 67
310 496
310 537
310 776
310 864
310 898
311 201
311 353
311 380
311 442
311 492
311 495
311 575
311 775
311 789
311 804
311 880
312 213
312 396
312 521
312 610
312 653
312 677
312 858
312 923
313 116
313 297
313 424
313 530
313 745
313 832
313 994
314 302
314 337
314 340
314 390
314 525
315 221
315 641
316 202
316 757
316 935
317 181
317 592
317 689
317 721
317 736
318 92
318 285
318 585
318 614
318 649
318 710
318 753
319 55
319 250
319 329
319 818
319 823
320 181
320 310
320 404
320 419
321 162
321 429
321 437
321 548
321 555
321 730
321 758
322 217
322 258
322 967
322 996
323 319
323 430
323 465
323 571
323 868
324 43
324 157
324 287
324 669
324 825
324 859
325 300
325 426
325 528
325 896
326 104
326 144
326 164
326 312
326 635
326 655
326 820
327 176
327 260
327 572
327 700
328 56
328 63
328 194
328 314
328 470
328 480
328 677
328 683
328 843
329 313
329 335
329 339
329 357
329 750
330 300
330 574
330 817
331 134
331 192
331 511
331 571
331 958
332 124
332 237
332 457
332 645
332 855
332 956
333 176
333 250
333 264
333 642
333 685
333 727
335 334
335 368
335 401
335 456
335 888
336 93
336 198
336 202
336 498
336 825
336 911
337 35
337 116
337 302
337 620
337 779
337 998
338 247
338 272
338 481
338 497
339 166
339 296
340 21
340 35
340 209
340 828
341 250
341 445
341 549
341 580
341 603
341 916
341 922
342 108
342 185
342 242
342 336
342 521
342 546
342 661
342 732
342 741
342 743
343 62
343 324
343 577
343 781
343 975
344 112
344 154
344 393
344 411
344 449
345 293
345 419
345 641
346 46
346 249
346 306
346 307
346 807
346 966
347 267
347 369
347 533
347 956
348 9
348 52
348 412
348 620
348 761
348 857
348 956
348 958
349 146
349 238
349 477
349 595
349 608
349 679
350 271
350 399
350 546
350 704
350 913
350 937
351 277
351 328
351 362
351 485
351 823
351 985
352 19
352 83
352 280
352 512
352 531
352 881
352 884
352 898
352 960
353 4
353 56
353 65
353 531
353 537
353 551
353 641
353 760
354 136
354 283
354 618
355 164
355 168
355 258
355 382
355 501
356 73
356 83
356 168
356 491
356 549
356 805
357 537
357 563
357 803
358 26
358 59
358 441
358 510
358 525
358 845
358 846
358 919
358 952
359 252
359 377
359 519
359 606
359 687
359 816
359 917
360 169
360 473
360 558
360 935
360 950
360 982
361 178
361 376
361 859
361 982
362 780
362 803
363 305
363 318
363 337
363 361
363 480
363 599
363 619
363 749
363 761
363 789
363 959
364 156
364 412
364 877
365 144
365 271
365 416
365 491
365 494
365 529
365 538
365 803
365 932
366 28
366 153
366 324
366 507
367 70
367 148
367 315
367 471
368 1
368 155
368 230
368 634
368 712
368 886
369 41
369 43
369 103
369 704
369 796
369 941
370 678
370 692
371 98
371 128
371 208
371 277
371 597
371 791
372 383
372 479
372 641
372 678
373 363
373 465
373 546
373 554
373 902
373 977
374 83
374 99
374 202
374 546
374 867
375 361
375 429
375 598
376 393
376 916
377 192
377 558
377 896
377 964
377 979
378 92
378 184
378 237
378 399
378 756
379 249
379 527
379 599
379 705
379 765
379 835
379 881
379 950
380 165
380 210
380 243
380 590
380 888
380 958
380 973
380 983
381 36
381 52
381 167
381 443
381 459
381 627
381 628
381 743
382 82
382 561
382 699
382 762
382 794
382 861
382 899
383 285
383 550
383 874
383 961
384 7
384 756
384 769
385 87
385 558
385 999
386 53
386 119
386 552
387 104
387 441
387 721
387 831
387 902
388 232
388 312
388 603
388 805
388 808
388 840
388 893
390 62
390 80
390 132
390 222
390 474
390 685
390 769
390 784
391 262
391 758
391 852
391 903
392 10
392 230
392 449
392 930
393 198
393 252
393 300
393 311
393 325
393 357
393 679
393 755
393 759
394 499
394 519
394 872
394 926
395 336
395 588
397 18
398 87
398 336
398 470
398 517
398 969
399 264
399 434
399 574
399 784
399 893
400 10
400 34
400 96
400 399
400 515
400 656
400 722
400 826
401 156
401 724
401 804
401 896
402 71
402 341
402 367
402 475
402 625
403 43
403 401
403 711
404 133
404 198
404 203
404 228
404 310
404 514
404 912
404 957
405 29
405 347
405 640
405 781
405 915
406 161
406 332
406 621
406 627
406 860
406 872
407 352
407 539
407 659
407 813
407 837
407 863
408 138
408 344
408 362
408 836
408 910
409 28
409 764
410 235
410 297
410 697
410 957
411 66
411 77
411 616
411 727
411 951
412 3
412 108
412 489
412 615
412 825
412 831
413 167
413 499
413 542
413 596
413 646
413 804
413 806
413 962
414 133
414 329
414 481
414 510
414 560
414 792
414 955
415 39
415 73
415 353
415 401
415 433
415 595
415 930
416 291
416 610
416 700
416 709
417 61
417 477
417 614
418 56
418 275
418 358
418 572
418 586
418 657
418 683
418 845
418 942
419 212
419 265
419 287
419 426
419 494
419 568
419 738
419 795
420 372
420 569
420 589
420 655
420 716
420 835
421 142
421 490
421 532
421 979
422 159
422 228
422 279
422 333
422 334
422 599
423 50
423 59
423 71
423 278
423 542
423 592
423 713
423 724
423 726
423 951
424 431
424 855
424 935
425 737
426 116
426 322
426 367
427 280
427 592
427 620
427 754
427 889
427 894
428 108
428 310
428 373
428 525
429 567
429 965
430 157
430 574
430 947
430 969
431 777
432 659
432 805
432 862
432 867
432 904
433 298
433 446
433 521
433 748
434 41
434 110
434 316
434 500
434 653
434 866
435 320
435 626
435 849
435 879
435 942
436 573
436 632
437 449
437 483
437 633
437 664
438 106
439 34
439 173
439 283
439 384
440 610
440 886
440 922
440 926
441 45
441 168
441 643
441 866
442 73
442 119
442 208
442 878
442 886
442 961
443 289
443 295
443 585
443 634
443 947
444 612
444 850
445 317
445 384
445 509
446 100
446 588
446 620
446 899
446 907
446 950
446 960
447 11
447 69
447 133
447 167
447 714
448 38
448 187
448 352
449 176
449 205
449 673
450 86
450 144
450 182
450 186
450 351
450 494
450 598
451 186
451 427
451 611
451 725
451 931
451 964
451 965
451 999
452 97
452 301
452 514
452 875
453 353
453 448
453 799
453 961
454 32
454 154
454 216
454 243
454 838
454 844
454 951
455 7
455 11
455 188
455 199
455 412
455 823
455 830
456 68
456 83
456 161
456 364
456 411
456 416
456 599
456 691
456 768
456 781
456 959
457 112
457 351
457 426
457 570
457 645
457 665
457 680
457 868
457 972
458 195
458 334
458 471
458 624
459 199
459 303
459 763
459 982
460 52
460 90
460 145
460 682
461 365
462 91
462 424
463 172
463 262
463 264
464 547
465 140
465 346
465 717
465 790
465 854
465 893
466 32
466 151
466 229
466 352
466 408
466 730
467 230
467 326
467 454
467 669
467 845
467 846
468 58
468 263
468 315
468 611
468 905
469 419
469 473
469 531
469 686
469 755
469 851
470 5
470 27
470 349
470 600
471 151
471 379
471 785
471 861
471 972
472 73
473 59
473 73
473 135
473 270
473 361
473 649
473 730
473 769
473 844
474 122
474 168
474 249
474 323
474 453
474 784
474 790
474 810
474 830
475 206
475 297
475 849
475 976
476 218
476 483
476 780
477 515
477 517
477 591
477 907
477 983
478 165
478 208
478 235
478 323
478 444
478 556
478 671
479 107
479 298
479 340
479 374
479 435
479 611
479 775
479 819
479 909
480 0
480 2
480 131
480 163
480 309
480 329
480 374
480 396
480 439
480 756
480 786
481 797
481 824
482 670
482 746
482 900
483 573
483 603
483 959
484 319
484 336
484 403
484 784
484 919
484 990
485 406
485 510
485 539
485 681
486 129
486 189
486 744
486 775
487 295
487 446
487 489
487 569
488 29
488 162
488 168
488 272
488 656
488 863
489 167
489 270
489 566
489 607
490 40
490 302
490 353
490 380
490 512
491 306
491 576
491 705
492 55
492 272
492 329
492 345
492 349
492 466
492 494
492 568
492 632
492 683
492 895
492 945
493 4
493 66
493 211
493 347
494 610
494 886
494 929
495 282
495 841
495 844
495 845
495 869
496 56
496 231
496 399
496 509
496 554
496 921
497 288
497 805
497 813
497 900
497 969
498 16
498 71
498 234
498 255
498 328
498 968
499 147
499 181
499 335
499 583
499 730
499 801
499 840
500 261
500 286
500 343
500 539
500 817
500 977
501 174
501 193
501 591
501 855
502 136
502 329
503 145
503 220
503 585
503 746
503 765
503 821
504 60
504 155
504 574
504 679
504 809
505 172
505 377
505 966
506 3
506 369
506 627
506 906
507 37
507 43
507 237
507 329
507 365
507 696
507 797
508 55
508 141
508 738
508 788
509 494
510 61
510 946
511 159
511 284
511 412
511 532
511 563
511 792
511 823
511 949
512 157
512 934
513 12
513 333
513 810
513 836
514 133
514 157
514 287
514 395
514 552
514 610
514 640
514 753
514 851
515 80
515 786
515 803
515 835
516 429
516 512
516 666
516 954
516 979
517 114
517 346
517 397
517 622
517 758
518 16
518 56
518 418
518 808
519 17
519 60
519 328
519 429
519 507
519 522
519 665
520 206
520 380
520 501
520 530
520 548
520 753
520 991
521 13
521 210
521 362
521 760
521 762
521 942
522 151
522 248
522 294
522 304
522 483
522 581
522 635
522 766
522 808
523 307
523 999
524 121
524 265
524 272
524 450
524 527
524 665
525 163
525 217
525 378
525 506
525 676
525 708
525 744
525 882
525 888
525 917
525 936
525 958
525 979
526 10
526 51
526 104
526 153
526 574
526 592
526 717
526 738
526 936
527 159
527 460
527 623
527 647
527 862
528 356
528 529
528 619
528 952
528 983
529 75
529 113
529 129
529 265
529 322
529 612
529 650
529 696
529 786
529 931
529 990
530 4
530 317
530 465
530 989
531 36
531 247
531 394
531 441
532 146
532 357
532 727
532 882
533 72
533 167
533 254
533 255
533 288
533 473
533 546
533 833
534 123
534 617
534 689
534 961
534 964
534 995
535 93
535 138
535 534
535 734
535 761
536 68
536 162
536 236
536 578
536 598
536 666
536 979
537 460
537 988
538 105
538 698
539 619
539 890
539 914
539 939
540 160
540 690
540 716
540 720
540 774
540 941
540 958
541 46
541 137
541 160
541 334
541 379
541 399
541 468
541 536
541 665
541 707
541 760
542 127
542 536
542 605
542 767
542 928
542 935
543 72
543 129
543 236
543 245
543 474
543 909
544 91
544 158
544 279
544 358
545 586
545 677
545 846
546 0
546 35
546 41
546 285
546 403
546 507
546 730
546 913
547 64
547 297
547 329
547 494
547 558
547 951
548 466
548 533
548 627
549 870
549 888
550 81
550 148
550 332
550 595
550 818
550 908
551 210
551 652
551 818
551 823
552 758
552 858
552 975
553 313
553 367
553 647
553 814
554 314
554 377
554 979
555 2
555 35
555 223
555 822
555 842
555 847
555 959
555 964
556 493
556 527
556 587
556 976
557 265
557 357
557 421
557 665
558 342
558 559
559 19
559 658
559 922
560 434
560 858
561 22
561 462
561 677
561 831
562 0
562 53
562 105
562 739
562 843
563 238
563 349
563 396
563 434
563 596
563 974
563 987
564 146
564 214
564 270
564 669
564 710
565 414
565 425
565 451
565 810
566 215
566 386
566 753
566 960
567 1
567 51
567 259
567 286
567 379
567 523
567 543
567 812
568 297
568 362
568 795
569 601
569 837
570 216
570 260
570 336
570 420
570 611
570 637
570 715
570 725
570 953
571 559
571 746
571 751
571 808
572 60
572 63
572 118
572 805
572 864
573 9
573 105
573 294
573 522
573 731
573 756
573 814
574 231
574 244
574 303
574 336
574 569
574 704
575 258
575 358
575 403
575 595
575 601
575 643
575 745
576 68
576 189
576 690
576 769
576 988
577 527
577 752
577 868
578 339
578 690
578 794
578 889
578 958
579 227
579 303
579 870
579 973
580 44
580 61
580 187
580 468
580 530
580 533
580 938
581 236
581 770
582 172
582 727
583 275
583 383
583 500
583 559
583 563
583 582
583 766
584 217
584 368
584 508
584 587
584 674
584 945
585 90
585 480
585 577
585 622
586 46
586 345
586 395
586 522
586 822
586 911
586 917
586 964
587 283
587 436
587 495
587 877
587 931
588 116
588 138
588 908
589 0
589 36
589 87
589 265
589 494
589 681
590 49
590 120
590 131
590 257
590 627
590 647
590 671
590 697
591 25
591 157
591 284
592 380
592 610
592 690
593 1
593 250
593 474
593 759
593 889
594 432
594 580
594 997
595 110
595 147
595 573
596 985
597 10
597 220
597 534
598 10
598 67
598 174
598 822
598 896
598 958
598 994
599 59
599 148
599 216
599 472
599 731
599 761
600 128
600 214
600 389
601 75
601 454
601 824
602 85
602 430
602 494
602 667
602 784
602 838
602 950
603 363
603 485
603 549
603 610
603 714
603 723
603 923
603 986
604 251
605 157
605 768
605 781
605 840
606 199
606 204
606 353
607 544
607 562
607 821
607 870
608 41
608 80
608 152
608 309
608 400
608 489
608 497
608 641
608 709
608 753
609 250
609 548
609 891
609 909
610 72
610 479
610 596
610 730
611 366
611 503
611 572
611 752
612 299
612 412
612 693
612 812
612 874
612 921
613 423
613 515
613 558
613 611
613 700
613 727
613 881
614 100
614 322
614 467
614 480
614 775
615 510
615 863
616 144
616 191
616 483
616 660
616 877
617 44
617 56
617 369
618 157
618 213
618 499
618 744
618 775
619 270
619 347
619 425
620 88
620 314
620 364
620 726
620 735
621 61
621 201
621 205
622 561
622 609
622 805
622 815
623 641
623 932
623 954
624 16
624 24
624 389
624 408
624 424
624 546
624 625
624 905
625 22
625 118
625 912
625 960
626 132
626 274
626 445
626 563
626 728
626 777
627 166
627 325
627 359
627 566
627 977
628 326
628 389
628 428
628 502
628 837
628 972
629 360
629 484
629 671
629 751
629 799
631 24
631 134
631 229
631 270
631 413
631 621
631 633
631 775
631 818
631 947
632 77
632 328
632 458
632 469
632 525
632 757
632 771
632 811
632 860
632 945
633 18
633 98
633 200
633 935
634 471
634 561
634 620
634 645
634 704
634 867
635 118
635 336
635 354
635 707
635 770
635 932
636 207
636 230
636 262
636 553
636 634
636 862
637 780
638 160
638 639
638 724
638 963
639 46
639 145
639 259
639 510
639 529
639 631
639 983
640 128
640 132
640 203
640 224
640 407
640 410
640 558
640 574
640 786
641 217
641 403
641 574
641 721
641 754
642 978
643 130
643 565
643 727
643 733
643 891
643 957
644 260
644 337
644 849
645 100
645 459
645 795
646 171
646 349
646 652
646 670
646 726
646 837
646 918
646 996
647 6
647 65
647 310
647 357
647 374
647 378
647 567
647 674
647 789
647 855
648 68
648 285
648 295
648 517
648 662
649 67
649 506
649 710
649 724
650 175
650 299
650 482
650 535
650 666
650 744
650 773
650 805
650 836
650 879
650 904
650 982
651 173
651 414
651 505
651 545
651 610
651 784
651 805
652 302
652 388
652 420
652 575
652 687
652 693
652 966
653 177
653 269
653 297
653 364
653 374
653 453
653 711
653 990
654 141
654 353
654 634
654 692
654 943
655 235
655 380
655 666
655 825
656 24
656 89
656 108
656 367
656 672
656 860
656 925
657 50
657 449
657 541
657 642
658 37
658 122
658 175
658 350
658 502
658 609
658 633
658 719
658 808
658 862
659 203
659 224
659 369
659 819
660 245
660 283
660 437
660 497
660 621
660 788
660 790
660 948
660 963
661 185
661 373
661 980
662 231
662 301
662 426
662 795
663 9
663 102
663 333
663 370
663 393
663 636
663 672
663 800
663 844
664 443
665 66
665 158
665 220
665 982
666 157
666 338
666 670
667 201
667 202
667 241
667 354
667 584
667 741
668 43
668 76
668 114
668 319
668 323
668 375
668 419
668 459
668 794
669 75
669 507
669 525
669 613
669 682
670 67
670 423
670 445
670 510
670 724
670 868
670 985
671 256
671 285
671 302
671 360
671 619
671 732
671 843
671 912
672 36
672 66
672 232
672 538
672 862
672 894
672 914
673 2
673 62
673 88
673 104
673 495
673 902
673 920
674 106
674 253
674 490
674 730
675 628
675 648
675 871
675 976
676 28
676 551
676 591
676 896
676 949
677 57
677 378
677 772
677 868
678 330
678 696
679 101
679 783
679 864
680 265
680 668
680 727
680 942
680 954
681 88
681 131
681 564
681 892
682 101
682 160
682 401
682 496
682 516
682 578
682 623
682 726
682 734
683 512
683 532
684 331
684 456
684 594
684 640
684 695
684 854
684 982
686 213
686 563
686 785
686 787
686 957
687 0
687 143
688 37
688 174
688 364
688 567
688 594
688 627
688 646
688 687
688 786
689 97
689 372
689 650
689 655
689 677
689 792
689 930
690 235
690 508
690 628
690 926
691 118
691 206
691 325
691 530
691 889
692 737
692 753
693 472
693 624
693 743
693 770
693 789
694 282
694 399
694 715
694 907
694 921
695 18
695 58
695 343
695 498
695 569
695 607
695 754
695 910
696 26
696 161
696 343
696 441
696 953
697 295
697 365
698 371
698 589
698 671
699 409
699 653
699 693
699 754
699 871
700 58
700 288
700 707
701 73
701 370
701 437
701 535
701 554
701 557
701 700
701 735
702 54
702 281
702 638
702 645
702 692
703 469
703 911
704 560
705 48
705 192
705 356
705 523
705 894
706 9
706 323
706 389
707 215
707 594
707 781
707 928
708 85
708 484
708 912
709 183
709 592
709 815
710 116
710 143
710 589
710 651
710 688
710 944
711 73
711 82
711 212
711 537
711 582
711 971
712 185
712 395
712 863
713 270
713 597
713 766
714 50
714 329
714 569
714 709
714 986
714 991
715 355
715 525
715 575
715 785
716 188
716 385
716 502
716 509
716 797
716 854
716 981
717 37
717 157
717 376
717 499
717 530
717 594
717 699
717 802
718 319
718 566
718 974
719 58
719 357
719 564
719 760
719 782
720 192
721 25
721 51
721 126
721 153
721 886
722 216
722 258
722 293
722 631
722 786
723 22
723 731
723 820
724 90
724 226
724 236
724 643
724 806
724 807
724 976
725 56
725 584
725 635
725 710
726 518
726 788
726 791
726 825
726 832
726 844
726 990
727 69
727 634
727 682
727 748
727 823
727 948
728 4
728 34
728 58
728 566
728 655
728 660
728 825
728 865
728 929
729 758
729 806
730 139
730 152
730 344
730 436
730 453
730 731
730 871
731 97
731 193
731 321
731 600
731 655
731 789
732 114
732 854
732 875
733 150
733 583
733 859
733 877
734 479
734 538
734 929
735 167
735 387
735 481
735 524
735 553
735 638
735 845
736 115
736 198
736 492
736 602
736 675
736 804
736 898
736 984
737 268
737 347
737 768
737 798
737 904
738 248
738 411
738 566
738 850
738 873
739 134
739 338
739 434
739 724
739 740
739 870
740 50
740 94
740 102
740 153
740 232
740 246
740 715
740 862
741 252
741 646
742 127
742 273
742 431
742 534
743 312
743 539
743 643
743 750
743 778
743 869
743 986
744 307
744 369
744 556
744 683
745 112
745 173
745 485
745 531
745 726
745 828
745 931
746 133
746 223
746 304
746 361
746 650
746 767
746 872
746 879
747 169
747 205
747 411
747 482
747 555
747 560
748 351
749 713
750 74
750 413
750 693
750 926
750 957
751 367
752 457
752 554
752 601
752 908
753 556
753 788
753 972
754 256
754 384
754 660
754 681
754 705
755 266
755 268
755 460
755 587
756 783
757 153
757 283
757 667
757 753
757 899
758 550
759 496
759 616
759 649
759 784
759 833
760 66
760 157
760 826
760 900
760 962
761 45
761 89
762 178
762 423
762 696
763 14
763 138
763 353
763 374
763 878
764 380
765 442
765 826
766 329
766 459
767 430
767 462
767 566
767 687
767 780
767 842
767 844
767 992
768 11
768 120
768 428
768 501
768 816
768 901
769 309
769 841
770 756
771 30
771 41
771 151
771 254
771 334
771 339
771 519
771 641
771 674
771 978
772 6
772 163
772 275
772 367
772 734
772 944
773 119
773 122
773 332
773 870
773 952
774 124
774 464
774 584
774 608
774 665
774 710
774 809
774 975
775 142
775 316
775 382
775 390
775 395
775 551
775 569
775 625
775 683
776 82
776 296
776 335
776 469
776 666
776 671
776 928
777 330
777 389
777 396
777 516
777 592
777 628
777 668
777 719
778 9
778 79
778 178
778 409
778 435
778 490
778 508
779 42
779 56
779 149
779 197
779 807
780 273
780 806
781 18
781 39
781 139
781 284
781 465
781 646
782 368
782 404
782 681
782 777
782 862
782 953
783 358
783 708
785 438
785 485
785 692
785 705
785 777
785 911
786 589
787 52
787 116
787 149
787 926
788 99
788 200
788 317
788 431
789 155
789 631
789 690
789 722
790 61
790 141
790 302
790 330
790 381
790 493
791 64
791 401
791 902
791 971
792 370
792 482
792 809
793 196
793 648
793 726
793 788
794 41
794 835
794 856
794 954
795 270
795 764
796 178
796 306
796 451
796 481
796 804
797 79
797 248
797 358
798 192
798 556
798 630
798 637
798 912
799 480
799 600
799 760
799 816
800 236
800 281
801 32
801 230
801 741
802 30
802 227
802 233
802 734
802 909
803 156
803 304
803 614
803 648
803 674
803 829
804 106
804 399
804 612
804 840
805 10
805 433
805 469
805 761
805 993
806 245
806 295
807 87
807 747
808 306
809 418
809 444
809 705
810 142
810 718
810 764
810 931
811 499
811 564
811 681
811 779
811 901
812 370
812 558
813 10
813 54
813 63
813 544
813 899
814 259
814 554
814 810
815 172
815 195
815 239
815 419
815 485
815 555
815 724
815 990
816 300
816 348
816 753
817 472
817 580
817 629
817 652
818 185
818 193
818 662
818 720
818 804
819 76
819 134
819 298
819 445
819 527
819 569
819 588
819 765
819 813
819 851
819 940
819 956
820 433
820 597
820 627
820 646
820 849
820 883
821 453
821 630
821 831
821 886
821 951
822 52
822 134
822 163
822 251
822 343
822 499
822 831
823 475
823 520
823 635
823 874
823 950
824 146
824 203
824 216
824 605
824 657
824 668
825 18
825 133
825 284
825 427
826 68
826 155
826 244
826 350
826 754
826 803
827 188
827 393
827 740
827 874
827 878
827 951
827 990
828 84
828 285
829 83
829 205
829 467
829 825
829 927
830 86
830 141
830 145
830 155
830 541
830 591
830 743
830 836
831 869
831 901
832 279
832 285
833 130
833 200
833 542
833 673
833 746
834 272
834 294
834 801
834 843
834 852
834 911
835 441
835 613
835 705
835 801
835 976
836 84
836 161
836 902
837 117
837 125
837 211
837 252
837 298
837 588
837 923
837 940
838 10
838 311
838 844
839 569
839 662
840 736
840 809
840 866
840 982
841 65
841 167
841 233
841 298
841 429
841 809
842 28
842 69
842 82
842 152
842 197
842 549
842 779
842 866
843 1
843 115
843 599
843 816
843 844
844 153
844 206
844 642
844 720
844 734
844 772
844 970
845 95
845 302
845 344
845 810
846 503
846 554
846 718
846 868
846 954
847 844
848 634
848 989
849 196
849 422
849 504
849 669
849 994
850 130
850 287
850 647
850 687
850 725
850 860
851 195
851 226
851 472
851 549
851 619
851 963
852 599
852 650
852 708
852 755
852 782
852 905
853 15
853 102
853 117
853 134
853 148
853 999
854 619
854 659
854 701
854 858
854 870
854 977
855 425
855 434
855 532
855 906
856 92
856 191
856 244
856 646
857 192
857 233
857 704
857 802
857 924
857 927
858 48
858 122
858 136
858 233
858 244
858 303
858 416
858 443
859 434
859 782
860 122
860 170
860 446
860 473
860 560
860 734
860 871
861 113
861 479
861 694
861 874
862 417
862 454
863 49
863 365
863 592
863 850
864 182
864 227
864 399
864 500
864 649
865 73
865 245
865 503
865 784
866 303
866 388
866 630
867 443
867 463
867 627
867 648
867 835
867 846
868 210
868 252
868 347
868 729
868 785
869 265
869 688
870 195
870 400
870 647
870 796
870 803
870 862
870 872
871 213
871 226
871 360
871 415
871 429
871 754
871 951
872 586
872 763
872 970
873 236
873 326
873 619
873 664
873 831
873 986
874 287
874 720
875 63
875 384
875 711
875 901
876 153
876 255
876 387
876 401
876 480
876 481
876 489
876 520
876 556
876 670
876 718
877 337
877 860
877 971
877 993
878 36
878 62
878 170
878 605
879 497
879 514
879 554
879 708
880 70
880 386
880 536
880 576
880 652
880 696
881 233
881 254
881 305
881 488
881 517
881 740
881 934
882 727
882 879
882 968
882 999
883 156
883 425
883 509
883 625
883 629
883 719
883 767
883 817
883 889
883 958
884 140
884 162
884 861
885 150
885 238
885 455
885 672
885 723
885 770
885 845
885 992
886 294
886 296
887 11
887 624
887 708
887 962
887 989
888 529
888 668
888 881
888 997
889 137
889 181
889 247
890 216
890 588
890 710
890 764
890 780
891 165
892 171
892 225
892 477
893 37
893 372
893 422
893 520
893 600
893 711
894 38
894 169
894 247
894 453
894 615
894 795
894 820
894 958
895 175
895 291
895 486
895 553
895 604
895 951
896 51
896 246
896 510
896 550
896 618
896 785
896 912
897 183
897 748
897 899
898 532
898 653
898 917
899 25
899 324
899 350
899 351
899 381
899 544
900 137
900 199
900 455
900 517
900 562
900 969
900 982
901 100
901 113
901 331
901 478
901 504
901 954
902 5
902 38
902 139
902 227
902 266
902 288
902 291
902 817
903 218
903 231
903 251
903 349
903 543
903 653
903 891
903 898
903 976
904 42
904 48
904 379
904 454
904 462
904 465
904 537
904 568
904 777
904 903
904 975
905 173
905 176
905 690
905 775
905 923
905 955
905 958
906 143
906 929
907 148
907 154
907 462
907 543
907 656
907 855
907 993
908 200
908 280
908 293
908 616
908 730
908 735
908 877
908 961
909 174
909 177
909 727
909 788
909 911
910 13
910 93
910 108
910 182
910 268
910 387
910 636
910 763
910 765
910 992
911 115
911 306
911 374
911 400
911 444
911 465
911 631
911 960
912 151
912 380
912 842
913 121
913 147
913 232
914 130
914 856
914 924
914 980
915 231
915 260
915 562
915 618
915 656
915 680
915 831
915 958
916 48
916 213
916 438
916 456
916 957
917 96
917 121
917 214
917 766
918 119
918 170
918 189
918 619
918 763
918 782
919 21
919 43
919 614
919 969
920 185
920 529
920 777
920 864
921 295
921 568
922 157
922 562
922 714
922 741
922 812
922 901
924 193
924 268
924 335
924 882
925 294
925 638
925 684
925 695
925 736
926 33
926 67
926 242
926 366
926 458
926 470
926 726
926 845
927 79
927 135
927 218
927 523
927 792
927 983
928 68
928 134
928 326
928 540
928 588
928 714
928 934
929 126
929 184
929 203
929 614
929 870
930 232
930 595
930 744
931 530
931 534
931 588
931 610
931 786
931 910
932 309
932 442
932 790
932 889
933 273
933 323
933 356
933 442
933 525
933 639
933 652
933 763
933 791
933 974
934 193
934 507
935 74
935 161
935 498
935 802
935 906
936 132
936 358
936 365
936 531
936 903
937 55
937 141
937 305
937 517
937 618
937 648
938 215
938 284
938 338
938 797
938 881
938 957
939 89
939 108
939 149
939 275
939 357
939 406
939 629
939 936
940 67
940 218
940 233
940 271
940 321
940 353
940 424
941 250
941 951
942 93
942 184
942 219
942 608
942 793
943 225
943 279
944 261
944 903
945 592
945 885
946 199
946 920
947 54
947 395
947 487
947 618
947 705
947 763
947 807
948 109
948 137
948 210
948 784
948 908
949 146
949 306
949 702
949 880
949 918
949 989
950 85
950 112
950 733
951 59
951 317
951 637
952 49
952 177
952 221
952 428
952 557
952 754
952 930
953 810
953 844
953 943
954 52
954 115
954 334
955 13
955 77
955 258
955 269
955 316
955 579
955 893
955 921
956 57
956 228
956 257
956 309
956 337
956 388
956 529
956 547
956 668
956 998
957 251
957 256
957 413
957 470
957 534
957 599
957 711
957 824
957 889
958 123
958 165
958 316
958 404
958 405
958 511
959 12
959 102
959 898
960 242
960 639
960 667
960 838
960 908
961 136
961 297
961 337
961 451
961 832
962 102
962 215
962 414
962 487
962 671
962 815
963 177
963 218
963 299
963 607
963 715
963 725
964 167
964 258
964 264
964 561
964 566
964 924
964 958
964 962
965 137
965 448
965 534
965 888
966 142
966 314
966 348
966 351
966 678
966 842
966 871
967 140
967 288
967 433
967 516
967 573
967 821
967 998
968 269
968 335
968 373
968 580
968 602
969 51
969 254
969 345
969 551
969 575
969 592
969 918
969 950
970 270
970 436
970 671
970 776
970 919
971 4
971 55
971 173
971 552
971 589
971 774
971 984
972 83
972 260
972 323
972 451
972 550
972 980
973 91
973 105
973 272
973 379
973 429
973 460
973 981
973 994
973 996
974 41
974 218
974 229
974 462
974 631
975 117
975 121
975 173
975 364
975 593
975 667
975 780
975 947
976 36
976 304
976 496
976 704
977 57
977 287
977 394
977 838
978 457
978 852
978 937
979 228
979 626
979 891
980 247
980 328
980 389
980 537
980 659
981 409
981 726
981 735
981 747
982 107
982 164
982 550
982 794
982 872
983 65
983 97
983 105
983 220
983 728
984 117
984 348
984 412
984 617
984 915
985 439
985 583
985 609
985 739
986 28
986 678
986 710
986 728
987 247
987 283
987 480
987 534
987 768
988 14
988 247
988 597
988 626
988 871
988 890
988 996
989 434
989 537
989 728
989 759
990 190
990 538
990 566
990 709
990 740
990 886
990 904
991 30
991 116
991 412
991 428
991 550
991 592
991 759
992 42
992 56
992 464
992 498
992 519
992 554
992 560
992 561
992 619
992 733
992 808
993 96
993 442
993 510
993 698
993 951
993 982
994 364
994 401
994 606
994 649
994 751
994 817
995 12
995 184
995 209
995 379
995 699
997 358
997 648
997 667
998 277
998 456
998 562
998 633
998 645
998 735
998 838
998 899
998 951
999 282
999 447
999 465
999 485
999 533
999 568
999 609
999 619
999 777
999 975
